1 217
2 24
3 31
4 34
5 42
6 50
7 52
8 61
9 64
10 71
11 78
12 114
13 97
14 91
15 104
16 100
17 106
18 124
19 129
20 128
21 140
22 144
23 149
24 184
25 157
26 159
27 170
28 175
29 183
30 193
31 187
32 192
33 229
34 202
35 209
36 216
37 223
38 230
39 235
40 270
41 274
42 283
43 284
44 287
45 296
46 302
47 308
48 316
49 320
50 325
51 333
52 346
53 343
54 348
55 354
56 359
57 370
58 370
59 377
60 467
61 478
62 475
63 582
64 644
65 644
66 654
67 662
68 694
69 767
70 791
71 826
72 837
73 832
74 863
75 873
76 953
77 834
78 769
79 788
80 778
81 788
82 797
83 805
84 819
85 824
86 832
87 843
88 852
89 860
90 871
91 878
92 889
93 896
94 907
95 915
96 922
97 934
98 942
99 950
100 961
101 968
102 977
103 988
104 996
105 1006
106 1014
107 1024
108 1032
109 1042
110 901
111 962
112 898
113 829
114 828
115 834
116 841
117 847
118 855
119 821
120 730
121 731
122 741
123 749
124 755
125 759
126 765
127 769
128 776
129 780
130 788
131 793
132 798
133 805
134 814
135 820
136 823
137 829
138 856
139 837
140 846
141 852
142 894
143 941
144 902
145 972
146 948
147 994
148 939
149 1018
150 1059
151 1083
152 1041
153 1040
154 1074
155 1091
156 1100
157 1142
158 1117
159 1061
160 1108
161 1292
162 1194
163 1003
164 1021
165 1038
166 1028
167 1019
168 1026
169 1011
170 1021
171 1045
172 1041
173 1039
174 1065
175 1045
176 1054
177 1059
178 1063
179 1069
180 1077
181 1082
182 1086
183 1092
184 1094
185 1101
186 1111
187 1117
188 1123
189 1126
190 1133
191 1138
192 2226
193 1148
194 1156
195 1163
196 1167
197 1168
198 1205
199 1239
200 1193
201 1192
202 1202
203 1209
204 1216
205 1220
206 1225
207 1230
208 1240
209 1241
210 1249
211 1252
212 1256
213 1263
214 1271
215 1274
216 1283
217 1290
218 1294
219 1296
220 1305
221 1314
222 1315
223 1321
224 1327
225 1334
226 1336
227 1344
228 1349
229 1355
230 1365
231 1367
232 1377
233 1376
234 1386
235 1389
236 1397
237 1403
238 1413
239 1416
240 1417
241 1426
242 1433
243 1436
244 1445
245 1449
246 1455
247 1464
248 1466
249 1473
250 1479
251 1488
252 1505
253 1498
254 1503
255 1507
256 1514
257 1521
258 1522
259 1533
260 1538
261 1546
262 1549
263 1551
264 1559
265 1567
266 1571
267 1578
268 1579
269 1588
270 1592
271 1599
272 1604
273 1613
274 1620
275 1623
276 1633
277 1632
278 1639
279 1676
280 1651
281 1654
282 1663
283 1670
284 1677
285 1679
286 1685
287 1693
288 1697
289 1707
290 1710
291 1716
292 1718
293 1726
294 1732
295 1735
296 1746
297 1747
298 1756
299 1759
300 1767
301 1770
302 1777
303 1787
304 1791
305 1795
306 1804
307 1858
308 1813
309 1819
310 1822
311 1832
312 1836
313 1841
314 1848
315 1855
316 1885
317 1867
318 1875
319 1875
320 1881
321 1891
322 1897
323 1900
324 1906
325 1911
326 1917
327 1923
328 1928
329 1936
330 1942
331 1945
332 1951
333 1957
334 1966
335 1970
336 1975
337 1982
338 1987
339 1994
340 2000
341 2003
342 2008
343 2016
344 2022
345 2028
346 2034
347 2041
348 2046
349 2052
350 2055
351 2060
352 2071
353 2072
354 2079
355 3308
356 2090
357 2100
358 2103
359 2146
360 2175
361 2120
362 2154
363 2134
364 2172
365 2147
366 2146
367 2153
368 2162
369 2169
370 2172
371 2949
372 2293
373 2267
374 2209
375 2314
376 2538
377 2225
378 2273
379 2224
380 2230
381 2238
382 2276
383 2377
384 2257
385 2257
386 2290
387 2872
388 2720
389 2347
390 2499
391 2356
392 2345
393 2305
394 2345
395 2317
396 2351
397 2333
398 2331
399 2340
400 2349
401 2350
402 2356
403 2366
404 2372
405 2381
406 2383
407 2391
408 2393
409 2402
410 2407
411 2415
412 2418
413 2422
414 2428
415 2430
416 2433
417 2442
418 2449
419 2459
420 2463
421 2463
422 2470
423 2481
424 2481
425 2487
426 2501
427 2506
428 2510
429 2511
430 2518
431 2523
432 2571
433 2539
434 2542
435 2548
436 2555
437 2559
438 2564
439 2571
440 2580
441 2579
442 2593
443 2591
444 2598
445 2608
446 2614
447 2614
448 2621
449 2629
450 2633
451 2641
452 2704
453 2653
454 2657
455 2665
456 2668
457 2672
458 2681
459 2715
460 3107
461 2698
462 2704
463 2705
464 2713
465 2718
466 2730
467 2733
468 2739
469 2743
470 2749
471 2757
472 2762
473 2773
474 2770
475 2776
476 2784
477 2788
478 2793
479 2803
480 2806
481 2814
482 2819
483 2825
484 2833
485 2835
486 2921
487 2850
488 2854
489 2860
490 2865
491 2873
492 2878
493 2883
494 2887
495 2895
496 2903
497 2909
498 2912
499 2917
500 2924
501 2932
502 2935
503 2940
504 2948
505 2952
506 2959
507 2963
508 2970
509 2973
510 2983
511 1303
512 2993
513 3000
514 3005
515 3012
516 3018
517 3022
518 3026
519 3033
520 3039
521 3045
522 3050
523 3055
524 3063
525 3069
526 3073
527 3079
528 3086
529 3094
530 3100
531 3101
532 3111
533 3115
534 3122
535 3128
536 3131
537 3138
538 3145
539 3149
540 3155
541 3160
542 3373
543 4333
544 3202
545 3455
546 5239
547 3553
548 3522
549 3584
550 3691
551 3668
552 3747
553 3662
554 3518
555 3452
556 3826
557 3801
558 3860
559 3881
560 3807
561 3845
562 3890
563 3845
564 3822
565 3821
566 3808
567 3792
568 3843
569 3823
570 3850
571 3656
572 3419
573 3348
574 3347
575 4351
576 3362
577 3368
578 3374
579 3379
580 3385
581 3391
582 3398
583 3725
584 4486
585 4492
586 4501
587 4509
588 4518
589 4524
590 4530
591 4539
592 4546
593 4508
594 4334
595 4340
596 4348
597 4354
598 4362
599 4370
600 4377
601 4384
602 4390
603 4178
604 3670
605 3677
606 3579
607 3608
608 3542
609 3554
610 3555
611 3565
612 3570
613 3575
614 3582
615 3588
616 3593
617 3601
618 3606
619 3608
620 3618
621 3651
622 3629
623 3636
624 3638
625 3646
626 3650
627 3661
628 3662
629 3668
630 3674
631 3681
632 3687
633 3692
634 3695
635 3703
636 3766
637 4008
638 4000
639 3949
640 3960
641 3957
642 3989
643 3903
644 3910
645 3946
646 3959
647 3970
648 3831
649 4446
650 4705
651 4713
652 4610
653 4641
654 4612
655 4635
656 4665
657 4632
658 4666
659 4585
660 4700
661 4570
662 4688
663 4677
664 4692
665 4736
666 4710
667 4738
668 4732
669 4695
670 4730
671 4754
672 4794
673 5752
674 5898
675 4244
676 4015
677 3971
678 3969
679 3959
680 3959
681 3968
682 3973
683 4068
684 4177
685 4065
686 4030
687 4129
688 4048
689 4075
690 4232
691 4192
692 4200
693 4205
694 4211
695 4218
696 4223
697 4268
698 4234
699 4241
700 4412
701 4253
702 4260
703 4265
704 4272
705 4279
706 4285
707 4289
708 4297
709 4302
710 4307
711 4313
712 4320
713 4326
714 4332
715 4338
716 4342
717 4349
718 4355
719 4360
720 4367
721 4196
722 4205
723 4211
724 4213
725 4383
726 4226
727 4233
728 4240
729 4245
730 4249
731 4261
732 4259
733 4267
734 4269
735 4279
736 4285
737 4291
738 4297
739 4303
740 4308
741 4315
742 4321
743 4323
744 4331
745 4335
746 4343
747 4347
748 4353
749 4359
750 4371
751 4372
752 4377
753 4384
754 4383
755 4395
756 4399
757 4405
758 4411
759 4418
760 4424
761 4431
762 4436
763 4437
764 4447
765 4451
766 4456
767 4465
768 4467
769 4476
770 4480
771 4484
772 4493
773 4497
774 4502
775 4509
776 4514
777 4521
778 4529
779 4530
780 4535
781 4553
782 4548
783 4556
784 4562
785 4706
786 4635
787 4576
788 4587
789 4592
790 4597
791 4619
792 4740
793 4614
794 4618
795 4623
796 4629
797 4645
798 4638
799 4675
800 4649
801 4660
802 4661
803 4853
804 5460
805 4766
806 6050
807 4936
808 5068
809 4744
810 4727
811 4745
812 4746
813 5365
814 5357
815 4768
816 4778
817 4767
818 4761
819 4905
820 4772
821 4775
822 4778
823 4786
824 4886
825 4802
826 4812
827 4809
828 4816
829 4819
830 4829
831 4832
832 4835
833 4846
834 4850
835 4855
836 4866
837 4867
838 4872
839 4878
840 4883
841 4889
842 4897
843 4900
844 4909
845 4911
846 4919
847 4926
848 4929
849 4936
850 4941
851 4945
852 4952
853 4964
854 4970
855 4969
856 4977
857 4984
858 4985
859 4993
860 5005
861 5006
862 5136
863 5065
864 5029
865 5034
866 5040
867 5044
868 5048
869 5054
870 5060
871 5062
872 5067
873 5079
874 5083
875 5086
876 5092
877 5102
878 5108
879 5339
880 6365
881 6264
882 6222
883 6217
884 6248
885 6205
886 6221
887 6251
888 6249
889 6274
890 6356
891 6663
892 6208
893 6290
894 6306
895 6310
896 6331
897 6305
898 6361
899 6396
900 6211
901 6364
902 6342
903 6601
904 6772
905 6942
906 6393
907 5272
908 5281
909 5282
910 5462
911 5428
912 5602
913 5466
914 5554
915 5415
916 5321
917 5324
918 5423
919 5340
920 5347
921 5355
922 5357
923 5369
924 5369
925 5374
926 5444
927 5386
928 5392
929 5400
930 5404
931 5407
932 5414
933 5516
934 5425
935 5432
936 5436
937 5444
938 6619
939 5543
940 5461
941 5586
942 5469
943 5479
944 5485
945 5489
946 5494
947 5497
948 5511
949 5515
950 5518
951 5525
952 5528
953 5536
954 5541
955 5540
956 5553
957 5560
958 5563
959 5573
960 5573
961 5584
962 5590
963 5592
964 5598
965 5610
966 5608
967 5618
968 5616
969 5632
970 5631
971 5635
972 5648
973 5650
974 5655
975 5662
976 5663
977 5672
978 5779
979 5685
980 5691
981 5694
982 5700
983 5707
984 5712
985 5721
986 5724
987 5832
988 5733
989 5741
990 5748
991 5754
992 5771
993 5796
994 5772
995 5786
996 5794
997 5797
998 5800
999 5801
1000 5820
