118   1
25   2
27   3
22   4
19   5
16   6
15   7
14   8
14   9
15   10
13   11
13   12
13   13
12   14
12   15
12   16
12   17
12   18
12   19
12   20
12   21
11   22
12   23
11   24
11   25
11   26
11   27
11   28
11   29
10   30
10   31
10   32
10   33
10   34
10   35
10   36
10   37
10   38
10   39
10   40
10   41
10   42
10   43
10   44
9   45
9   46
10   47
10   48
9   49
10   50
9   51
10   52
10   53
9   54
10   55
10   56
10   57
10   58
9   59
9   60
10   61
9   62
9   63
9   64
9   65
9   66
9   67
9   68
9   69
9   70
9   71
9   72
9   73
9   74
9   75
9   76
9   77
9   78
9   79
9   80
9   81
10   82
9   83
9   84
9   85
9   86
9   87
9   88
9   89
9   90
9   91
9   92
9   93
9   94
9   95
9   96
9   97
9   98
9   99
9   100
9   101
9   102
9   103
9   104
9   105
9   106
10   107
9   108
9   109
9   110
9   111
9   112
10   113
9   114
9   115
9   116
9   117
9   118
9   119
9   120
9   121
9   122
9   123
9   124
9   125
9   126
9   127
8   128
9   129
9   130
9   131
7   132
8   133
9   134
8   135
9   136
9   137
9   138
10   139
9   140
9   141
9   142
10   143
9   144
9   145
9   146
9   147
9   148
9   149
9   150
9   151
9   152
9   153
9   154
9   155
9   156
9   157
9   158
9   159
9   160
8   161
9   162
9   163
9   164
9   165
9   166
9   167
9   168
9   169
9   170
9   171
9   172
9   173
9   174
9   175
8   176
9   177
9   178
9   179
9   180
9   181
9   182
9   183
9   184
9   185
9   186
9   187
9   188
9   189
9   190
9   191
9   192
9   193
9   194
9   195
9   196
9   197
9   198
9   199
9   200
9   201
9   202
9   203
9   204
9   205
9   206
9   207
9   208
9   209
9   210
9   211
9   212
9   213
9   214
9   215
9   216
9   217
9   218
9   219
9   220
9   221
9   222
9   223
9   224
9   225
9   226
9   227
9   228
9   229
9   230
9   231
9   232
9   233
9   234
9   235
9   236
9   237
9   238
9   239
9   240
9   241
9   242
9   243
9   244
9   245
9   246
9   247
9   248
9   249
9   250
9   251
9   252
9   253
9   254
9   255
9   256
9   257
9   258
9   259
9   260
10   261
9   262
9   263
9   264
9   265
9   266
9   267
9   268
9   269
9   270
9   271
9   272
9   273
9   274
9   275
9   276
9   277
9   278
9   279
9   280
9   281
7   282
7   283
7   284
7   285
7   286
7   287
7   288
8   289
8   290
7   291
8   292
8   293
7   294
8   295
9   296
38   297
9   298
10   299
9   300
9   301
9   302
9   303
9   304
9   305
9   306
9   307
9   308
9   309
9   310
12   311
11   312
9   313
11   314
11   315
9   316
9   317
9   318
9   319
9   320
9   321
10   322
9   323
9   324
9   325
9   326
9   327
10   328
9   329
9   330
9   331
8   332
9   333
9   334
9   335
9   336
9   337
9   338
9   339
9   340
9   341
9   342
9   343
9   344
9   345
8   346
9   347
9   348
8   349
9   350
9   351
9   352
9   353
9   354
9   355
9   356
9   357
9   358
9   359
9   360
9   361
9   362
9   363
9   364
9   365
9   366
9   367
9   368
9   369
9   370
9   371
9   372
9   373
9   374
9   375
9   376
9   377
9   378
9   379
9   380
9   381
9   382
9   383
9   384
9   385
9   386
9   387
9   388
9   389
9   390
9   391
9   392
9   393
9   394
9   395
8   396
9   397
9   398
9   399
9   400
9   401
9   402
9   403
9   404
9   405
9   406
9   407
9   408
9   409
9   410
9   411
9   412
9   413
9   414
9   415
9   416
9   417
9   418
9   419
9   420
9   421
9   422
9   423
9   424
9   425
9   426
9   427
9   428
9   429
9   430
9   431
9   432
9   433
9   434
9   435
9   436
9   437
9   438
9   439
9   440
9   441
9   442
9   443
9   444
9   445
9   446
9   447
9   448
8   449
9   450
8   451
9   452
8   453
9   454
9   455
8   456
9   457
9   458
9   459
9   460
9   461
8   462
8   463
8   464
8   465
9   466
9   467
9   468
9   469
9   470
9   471
8   472
8   473
9   474
9   475
8   476
9   477
9   478
9   479
9   480
8   481
8   482
9   483
8   484
8   485
8   486
8   487
9   488
9   489
9   490
9   491
9   492
9   493
8   494
9   495
8   496
9   497
8   498
8   499
8   500
9   501
8   502
8   503
9   504
9   505
8   506
9   507
8   508
9   509
8   510
8   511
9   512
9   513
8   514
9   515
8   516
8   517
8   518
9   519
8   520
8   521
8   522
8   523
8   524
9   525
9   526
8   527
8   528
9   529
9   530
9   531
8   532
9   533
8   534
9   535
9   536
9   537
8   538
11   539
9   540
8   541
8   542
8   543
9   544
9   545
9   546
9   547
13   548
12   549
8   550
8   551
12   552
14   553
11   554
10   555
13   556
11   557
12   558
10   559
9   560
9   561
9   562
9   563
9   564
9   565
8   566
9   567
9   568
9   569
9   570
9   571
8   572
9   573
9   574
9   575
8   576
9   577
9   578
9   579
9   580
9   581
9   582
9   583
9   584
8   585
8   586
9   587
8   588
9   589
8   590
9   591
9   592
9   593
9   594
9   595
8   596
8   597
9   598
9   599
9   600
9   601
9   602
9   603
9   604
9   605
8   606
9   607
9   608
9   609
9   610
9   611
9   612
9   613
9   614
8   615
9   616
8   617
9   618
8   619
8   620
9   621
8   622
8   623
8   624
8   625
8   626
8   627
9   628
9   629
8   630
9   631
8   632
9   633
8   634
9   635
9   636
9   637
9   638
8   639
9   640
9   641
8   642
9   643
8   644
8   645
8   646
8   647
8   648
8   649
8   650
8   651
9   652
8   653
9   654
9   655
9   656
9   657
9   658
9   659
9   660
9   661
9   662
9   663
9   664
9   665
9   666
9   667
9   668
9   669
9   670
9   671
9   672
9   673
9   674
9   675
9   676
9   677
9   678
9   679
9   680
9   681
9   682
9   683
9   684
8   685
9   686
9   687
9   688
8   689
9   690
9   691
9   692
9   693
9   694
9   695
9   696
9   697
9   698
9   699
9   700
9   701
9   702
9   703
9   704
9   705
9   706
9   707
9   708
9   709
9   710
9   711
9   712
9   713
9   714
9   715
9   716
9   717
9   718
9   719
8   720
9   721
9   722
9   723
9   724
9   725
9   726
9   727
9   728
9   729
9   730
8   731
8   732
7   733
7   734
7   735
7   736
8   737
8   738
8   739
9   740
9   741
8   742
11   743
11   744
9   745
10   746
7   747
7   748
7   749
7   750
7   751
7   752
7   753
7   754
7   755
7   756
7   757
7   758
7   759
7   760
7   761
7   762
7   763
7   764
7   765
7   766
7   767
7   768
7   769
7   770
7   771
7   772
7   773
7   774
7   775
7   776
7   777
7   778
7   779
7   780
8   781
14   782
14   783
12   784
16   785
12   786
7   787
7   788
7   789
8   790
9   791
9   792
8   793
11   794
9   795
9   796
9   797
9   798
8   799
9   800
9   801
9   802
9   803
9   804
9   805
9   806
8   807
9   808
9   809
9   810
9   811
8   812
9   813
9   814
7   815
7   816
7   817
7   818
7   819
7   820
7   821
7   822
7   823
7   824
7   825
7   826
7   827
7   828
7   829
7   830
7   831
7   832
7   833
7   834
7   835
7   836
7   837
7   838
7   839
7   840
7   841
7   842
8   843
8   844
7   845
7   846
7   847
7   848
7   849
7   850
7   851
7   852
7   853
7   854
7   855
7   856
7   857
7   858
7   859
7   860
7   861
7   862
7   863
7   864
7   865
8   866
7   867
7   868
7   869
7   870
7   871
7   872
7   873
7   874
7   875
7   876
7   877
7   878
7   879
7   880
7   881
7   882
7   883
7   884
7   885
7   886
7   887
7   888
7   889
7   890
8   891
7   892
7   893
7   894
7   895
7   896
7   897
7   898
7   899
7   900
7   901
7   902
7   903
7   904
7   905
7   906
7   907
7   908
7   909
7   910
7   911
7   912
7   913
7   914
7   915
7   916
7   917
7   918
7   919
7   920
7   921
7   922
7   923
7   924
7   925
7   926
7   927
7   928
7   929
6   930
7   931
7   932
7   933
7   934
7   935
7   936
7   937
7   938
8   939
7   940
7   941
7   942
7   943
8   944
10   945
11   946
11   947
8   948
8   949
18   950
13   951
13   952
11   953
9   954
8   955
8   956
8   957
9   958
8   959
8   960
9   961
9   962
9   963
9   964
9   965
9   966
9   967
9   968
9   969
9   970
9   971
9   972
9   973
9   974
9   975
8   976
9   977
9   978
8   979
9   980
9   981
10   982
10   983
9   984
8   985
9   986
9   987
9   988
9   989
9   990
8   991
9   992
9   993
8   994
8   995
9   996
8   997
7   998
7   999
7   1000
